# Choose material by atomic number (e.g. material=29 for Cu):
material=29;

# Grain orientation matrices (the i-th row of C2G-j is the crystallographic direction of grain j which becomes the i-th global axis):
C2G1= 1.924500897298752e-01 -9.622504486493764e-01 -1.924500897298752e-01
      7.071067811865474e-01 -7.664490567643640e-18 7.071067811865474e-01
      -6.804138174397718e-01 -2.721655269759086e-01 6.804138174397717e-01;
C2G2= 5.773502691896258e-01 5.773502691896258e-01 -5.773502691896258e-01
      7.071067811865475e-01 0.000000000000000e+00 7.071067811865475e-01
      4.082482904638631e-01 -8.164965809277261e-01 -4.082482904638631e-01;
C2G3= -5.773502691896258e-01 5.773502691896257e-01 5.773502691896258e-01
      7.071067811865474e-01 7.664490567643640e-18 7.071067811865474e-01
      4.082482904638630e-01 8.164965809277261e-01 -4.082482904638630e-01;
