material=29;
C2G1=7.022412718942656e-01 6.754273086615770e-01 -2.250669828351172e-01
-6.940794868462956e-01 7.198791099091982e-01 -5.266218332294625e-03
1.584640715982869e-01 1.599125318119856e-01 9.743290615505491e-01;
C2G2=9.294701514411193e-01 1.648852347314342e-01 -3.299971165746491e-01
-2.998167876459973e-01 8.588378070820241e-01 -4.153402400107349e-01
2.149305269747824e-01 4.849850312062217e-01 8.476994680193226e-01;
C2G3=9.656684653974107e-01 -4.479331962312010e-02 -2.558866418048250e-01
3.264164891801623e-02 9.981372455539310e-01 -5.154184507683614e-02
2.577187181656054e-01 4.141977251449617e-02 9.653317899830735e-01;
C2G4=9.866375577717014e-01 1.608348698838746e-01 2.604753776712289e-02
-1.624761127369811e-01 9.831623824821016e-01 8.362560888864970e-02
-1.215904536435128e-02 -8.674026920384068e-02 9.961567563964383e-01;
C2G5=9.499161556193754e-01 -1.326557367815215e-01 2.829518559618550e-01
-2.199650535834879e-01 3.593223595013047e-01 9.069194105125484e-01
-2.219789911124924e-01 -9.237369200488670e-01 3.121464881162581e-01;
C2G6=9.139252322884186e-01 1.858536643543384e-01 -3.608311034717281e-01
-5.993460129399626e-02 9.410536710958650e-01 3.329051391683903e-01
4.014330745644780e-01 -2.826241383234287e-01 8.711917602242629e-01;
C2G7=-5.565039119815107e-01 -8.293267797940594e-01 5.020446459918219e-02
8.166298567567981e-01 -5.348532482095306e-01 2.169047715774955e-01
-1.530329147688374e-01 1.617068186445142e-01 9.749009343524213e-01;
C2G8=9.320106333604455e-01 -3.546939954729321e-01 -7.448723970257477e-02
3.623562601797884e-01 9.160984431854753e-01 1.716437680245516e-01
7.356630450054746e-03 -1.869647345586762e-01 9.823390799616114e-01;
C2G9=4.987927637053478e-02 -5.297574950767734e-01 8.466811998613966e-01
9.170751027781372e-01 3.600605805422624e-01 1.712589682441130e-01
-3.955822463827476e-01 7.679279749752261e-01 5.037869704520233e-01;
C2G10=7.237735835930060e-01 2.130456341647486e-01 6.563256489398217e-01
-6.127271865644978e-01 6.358726352696515e-01 4.692881700618332e-01
-3.173597241895909e-01 -7.418069489284722e-01 5.907666679694598e-01;
C2G11=-1.674905809940064e-01 -9.777458504996933e-01 -1.263327238245165e-01
9.838563070671514e-01 -1.575763364262761e-01 -8.483198242797510e-02
6.303707101759573e-02 -1.385018051474581e-01 9.883539738618032e-01;
C2G12=4.913037345772776e-01 8.677226132852368e-01 7.535321349391458e-02
-8.402773561595537e-01 4.494322445182491e-01 3.032237166067313e-01
2.292479119118220e-01 -2.122925433940821e-01 9.499354035424415e-01;
C2G13=9.554324803809071e-01 1.781516910844029e-01 2.353948818410351e-01
-1.563060016882356e-01 9.817238929868388e-01 -1.085662552315548e-01
-2.504340417543603e-01 6.693409372310412e-02 9.658170726530164e-01;
C2G14=8.594011112489829e-01 2.211576095202239e-01 4.609978760637773e-01
4.802603866210028e-01 -6.585245549205276e-01 -5.793922433113563e-01
1.754414176489080e-01 7.193293559406715e-01 -6.721499733358027e-01;
C2G15=3.884151399085868e-01 7.165509724682945e-01 -5.793862122492512e-01
-7.593446926473161e-01 6.050931746798942e-01 2.392862045838835e-01
5.220434051284875e-01 3.470114606328564e-01 7.791365280560946e-01;
C2G16=9.470704804177015e-01 3.522953021694072e-02 -3.190867990407593e-01
-2.353154945193885e-01 -5.999247124304360e-01 -7.646678739520540e-01
-2.183669461261936e-01 7.992804386546393e-01 -5.598809312912593e-01;
C2G17=-1.268011453876274e-01 8.457611319464637e-01 -5.182755803788386e-01
-5.699798845432056e-01 3.654941297409883e-01 7.358919569753372e-01
8.118154967383289e-01 3.887185984919085e-01 4.357217580543647e-01;
C2G18=5.901117899347357e-01 5.436370334818619e-01 -5.968474270758513e-01
-2.551217416045590e-01 8.269822703987078e-01 5.010121968643630e-01
7.659510247663874e-01 -1.433844492029722e-01 6.267056146119016e-01;
C2G19=9.852893042458952e-01 1.714957184052410e-02 -1.700319944137759e-01
1.457729511858686e-02 9.828916818452768e-01 1.836067651977698e-01
1.702718103670283e-01 -1.833843884987215e-01 9.681826669845338e-01;
C2G20=3.887714364452672e-01 -9.149257989361187e-02 9.167801688674850e-01
-6.137110564609758e-01 7.164493896164312e-01 3.317514299830463e-01
-6.871793866101024e-01 -6.916136059554164e-01 2.223850504766661e-01;
C2G21=-9.992342224462639e-01 1.782062217271076e-02 3.483380710728846e-02
-3.424615405593074e-02 3.228168936241738e-02 -9.988919328257115e-01
-1.892536986660364e-02 -9.993199277294964e-01 -3.164668099700785e-02;
C2G22=9.678298718166987e-01 -2.371876861023980e-01 8.394844120448523e-02
2.393817721265877e-01 9.707772456061968e-01 -1.696781031188831e-02
-7.747068085932275e-02 3.651768030195925e-02 9.963256258034101e-01;
C2G23=6.578776175910794e-01 -7.108000893047857e-01 -2.489182060778082e-01
7.514619300934358e-01 5.975830224735452e-01 2.796417330650603e-01
-5.002007489932049e-02 -3.710225927025078e-01 9.272757021573332e-01;
C2G24=-2.637679351289566e-02 8.659376055293023e-01 4.994560321931816e-01
-8.882072794920969e-01 2.089512160603216e-01 -4.091787115236580e-01
-4.586851789857900e-01 -4.544133059639552e-01 7.636206217367906e-01;
C2G25=9.100455249179881e-01 2.933084971898001e-01 2.928946364360477e-01
-3.269908005518985e-01 9.422498239387843e-01 7.240363003163919e-02
-2.547433196988138e-01 -1.616644511436914e-01 9.533994159350199e-01;
C2G26=1.098084823468096e-01 -9.757848823466423e-01 1.891717753483324e-01
6.546927947367155e-01 2.142100497576133e-01 7.249078555945367e-01
-7.478766219935742e-01 4.424836682398969e-02 6.623614121526785e-01;
C2G27=2.852939513601734e-01 7.201825684648554e-01 -6.324115980883518e-01
8.547667366636169e-01 1.073035730801789e-01 5.077989455460281e-01
4.335679729993098e-01 -6.854363655975590e-01 -5.849750434896168e-01;
C2G28=-5.223783345248023e-01 -8.525491800049141e-01 1.675623143914517e-02
-6.898466614670131e-01 4.340738724401864e-01 5.793888650359071e-01
-5.012309440586343e-01 2.911009600426097e-01 -8.148789921088659e-01;
C2G29=4.848820836759670e-01 3.706469658404402e-01 7.921554087698499e-01
-8.744445576695196e-01 1.895487753759927e-01 4.465624002484083e-01
1.536491107070281e-02 -9.092260931510583e-01 4.160190272584325e-01;
C2G30=-9.096621892053778e-01 1.128998118112521e-01 3.997103126303640e-01
-1.903557982988272e-01 7.420094058507971e-01 -6.427960109420119e-01
-3.691603602556695e-01 -6.608144021750213e-01 -6.534867667320996e-01;
C2G31=-9.368266483939803e-01 2.125262455992629e-01 2.778280507623074e-01
-1.665655036324947e-01 -9.694710347657205e-01 1.799495644616473e-01
3.075902531917337e-01 1.223049781561036e-01 9.436258413479783e-01;
C2G32=6.854198181880006e-01 7.105734413507447e-01 -1.590127582368410e-01
-7.153563971240007e-01 6.978795802857001e-01 3.506161025999902e-02
1.358856060401442e-01 8.971887129926931e-02 9.866537519332139e-01;
C2G33=9.994878898607370e-01 -6.119835808520167e-03 -3.140868719650547e-02
8.227195365683823e-03 9.976914057073756e-01 6.741047569967017e-02
3.092363623744858e-02 -6.763435951731712e-02 9.972308269074599e-01;
C2G34=3.214159043988380e-01 7.627190998909044e-01 -5.612053020607392e-01
-9.160942798407297e-01 4.004828110822684e-01 1.961602586506750e-02
2.397145945547993e-01 5.078120643400004e-01 8.274441494555239e-01;
C2G35=5.745845284300436e-01 -9.335996218123803e-02 8.131030298494417e-01
-2.478365453453253e-01 9.269816445441087e-01 2.815707326225405e-01
-7.800190167426169e-01 -3.633028325513268e-01 5.094913005931148e-01;
C2G36=-2.242723284384429e-02 9.643165005357843e-01 -2.638005042098802e-01
-1.523026182239431e-01 -2.640825177018593e-01 -9.523992525860040e-01
-9.880794156893968e-01 1.881782768191148e-02 1.527905679426387e-01;
C2G37=-8.149427904955062e-01 5.564513072532726e-01 1.619573736373911e-01
1.265331913246265e-01 -1.018755888865706e-01 9.867171407664002e-01
5.655595456825063e-01 8.246110034708115e-01 1.261321696707807e-02;
C2G38=9.023008481591926e-01 4.169440018227311e-01 -1.095941547494571e-01
-3.623770499659598e-01 8.712412435087051e-01 3.310914817197410e-01
2.335295550228489e-01 -2.590297182823849e-01 9.372126503506973e-01;
C2G39=-7.943032250463741e-01 4.742644855273234e-02 -6.056674984334262e-01
4.549261480703265e-01 -6.143145270247568e-01 -6.447168849101477e-01
-4.026469750076668e-01 -7.876346829996914e-01 4.663764784518522e-01;
C2G40=-8.214712210680420e-01 -3.446295658570402e-01 4.543297209012062e-01
3.390733168708373e-01 -9.357718882109990e-01 -9.674843161638472e-02
4.584913507834021e-01 7.457503316264422e-02 8.855643656367401e-01;
C2G41=9.995798230354953e-01 2.890819248540618e-02 2.119855550442368e-03
-2.890230778018628e-02 9.995784417061327e-01 -2.755990079606985e-03
-2.198632599462422e-03 2.693563358492713e-03 9.999939553472943e-01;
C2G42=6.808482447305367e-01 -6.314428152181618e-01 3.711140508748079e-01
6.022596818318168e-01 7.710097406852586e-01 2.069474701664389e-01
-4.168080412938143e-01 8.260720838893340e-02 9.052331776039815e-01;
C2G43=6.523452368426638e-01 1.099679679298144e-01 7.499018189056994e-01
7.281099780801676e-01 1.838404503520919e-01 -6.603472939555655e-01
-2.104793381517219e-01 9.767854087995620e-01 3.985866740729966e-02;
C2G44=8.605260303699923e-01 7.072679142768934e-02 5.044726672774326e-01
-1.569286379995515e-01 9.789582364903966e-01 1.304383907567798e-01
-4.846321838583038e-01 -1.914118391896300e-01 8.535181041939148e-01;
C2G45=6.467431785982971e-01 -4.553817598992042e-01 6.118420659677419e-01
6.153740999282357e-01 7.854789044088433e-01 -6.586051826547670e-02
-4.505973569319787e-01 4.191066015702770e-01 7.882332639809919e-01;
C2G46=-7.483692390299548e-01 -2.920909410280904e-01 -5.955051336832042e-01
5.883351584141040e-01 -7.068963566500923e-01 -3.926312294363206e-01
-3.062763840840123e-01 -6.441897415545749e-01 7.008668585603635e-01;
C2G47=6.725704345020512e-01 7.388949176092167e-01 -4.102817769522625e-02
-6.938757954801399e-01 6.103774603684127e-01 -3.820677116965132e-01
-2.572652154499809e-01 2.854359063003040e-01 9.232231324625695e-01;
C2G48=-1.721970744411262e-01 8.319136864590452e-01 -5.275109343284161e-01
7.568558623632705e-01 -2.310184253133055e-01 -6.113916018167986e-01
-6.304897867216148e-01 -5.045295882779146e-01 -5.898580535958211e-01;
C2G49=9.814018132474112e-02 -9.944083808132285e-01 -3.899329401269352e-02
9.450053323139143e-01 8.083775258607553e-02 3.169072098502984e-01
-3.119830551613589e-01 -6.795020180430562e-02 9.476546540628283e-01;
C2G50=2.057716267574191e-01 -6.963169492932582e-01 6.876050783324216e-01
9.757182134189932e-01 1.998684282286097e-01 -8.959117925260990e-02
-7.504668962754835e-02 6.893441212662623e-01 7.205363813518311e-01;
