materialFile=../../MaterialsLibrary/Cu.txt;
C2G1=-9.722760505307307e-01 -2.337656613100199e-01 5.735604297098709e-03
2.337432172420517e-01 -9.722887558566391e-01 -4.322456255859928e-03
6.587105411246827e-03 -2.861962095808152e-03 9.999742092750512e-01;
C2G2=8.066695557801651e-01 -2.286679875435298e-01 -5.449726408272466e-01
-4.716586649425834e-01 3.065537924052524e-01 -8.267786137452621e-01
3.561212315518564e-01 9.239782052812445e-01 1.394343738223813e-01;
C2G3=-8.335475457400316e-01 -1.673377165890571e-01 5.264946130755094e-01
-4.465458781412062e-01 -3.570221782683035e-01 -8.204461852794824e-01
3.252618448356170e-01 -9.189849034839016e-01 2.228709928698995e-01;
C2G4=1.314696852212926e-01 9.082305001773451e-01 3.972821169086568e-01
-7.674400719870965e-01 -1.604299152086533e-01 6.207237535446701e-01
6.274961814834048e-01 -3.864965728874628e-01 6.759208099844181e-01;
C2G5=-2.223112608001067e-01 -7.993387675615948e-01 -5.582429918902501e-01
6.919010469536377e-01 -5.327466131258666e-01 4.872925070503119e-01
-6.869138552583773e-01 -2.779182989225954e-01 6.714989013974959e-01;
C2G6=1.373284432852535e-01 9.897952048032541e-01 -3.803092443437933e-02
-6.538223963050636e-01 6.173836500381230e-02 -7.541250880169421e-01
-7.440814288468390e-01 1.284282945271041e-01 6.556287062126749e-01;
C2G7=-1.193327692414299e-01 9.629203818691175e-01 2.419587327752495e-01
-9.563102203967589e-01 -4.596577130431882e-02 -2.887176998957656e-01
-2.668903380601740e-01 -2.658410917247971e-01 9.263358253898494e-01;
C2G8=-2.297952931814465e-01 -8.437671235407987e-01 -4.850269729235061e-01
7.692745389961965e-01 1.478026855838494e-01 -6.215875238342475e-01
5.961634061931699e-01 -5.159567882738710e-01 6.151242035152489e-01;
C2G9=5.313422961635635e-01 3.878050648687984e-01 -7.531816487207714e-01
8.211141310223015e-01 -1.700467902406089e-02 5.705106701252656e-01
2.084393152529604e-01 -9.215845444414723e-01 -3.274675240439595e-01;
C2G10=7.862578816093237e-01 6.047610618393571e-01 -1.267383197385551e-01
2.403590312130749e-01 -4.883043630564612e-01 -8.389197727639609e-01
-5.692328870695464e-01 6.291445836236350e-01 -5.292929370164615e-01;
C2G11=-2.307680303680021e-01 1.676478940810662e-01 9.584572498396873e-01
9.710668356895640e-01 1.018852711133175e-01 2.159828515276688e-01
-6.144360653420394e-02 9.805679859858517e-01 -1.863091733536503e-01;
C2G12=1.603803735962141e-01 6.180794443740441e-01 7.695816631179643e-01
-9.147524870799896e-01 -1.998375500398040e-01 3.511308032273193e-01
3.708180458744051e-01 -7.602912297510487e-01 5.333396880202390e-01;
C2G13=-7.794150420548239e-01 6.014569496189643e-01 -1.753902220014779e-01
-5.602959489464101e-01 -5.439125381322996e-01 6.246819994659054e-01
2.803223890682277e-01 5.851569777568497e-01 7.609275061197029e-01;
C2G14=8.320226231845054e-01 -3.297640531571605e-01 -4.460874620010477e-01
-5.497919394323599e-01 -3.829980104243736e-01 -7.423215929408060e-01
7.394036681258026e-02 8.628836498951251e-01 -4.999646276480850e-01;
C2G15=-5.055462075139358e-01 2.330741057985060e-01 8.307222720467433e-01
-5.386025973410115e-01 6.669283960706440e-01 -5.148919854223352e-01
-6.740402615614240e-01 -7.077308639029847e-01 -2.116288025608571e-01;
C2G16=5.829232008900073e-01 -8.121148219480565e-01 -2.588547539499098e-02
7.130177794004058e-01 5.265500136930696e-01 -4.629802688438705e-01
3.896231360212874e-01 2.514251360785248e-01 8.859905263742005e-01;
C2G17=-8.667238272009825e-01 -2.387813658642008e-01 -4.379192467545907e-01
1.060405824343357e-01 7.696852952231492e-01 -6.295553519701355e-01
4.873860915527527e-01 -5.920878360794798e-01 -6.417840697054197e-01;
C2G18=6.871559889451925e-02 9.559788704333284e-01 2.852762972165491e-01
-8.714758526302454e-01 -8.166815829603905e-02 4.835908913564437e-01
4.856006638699686e-01 -2.818416420714840e-01 8.275006247994592e-01;
C2G19=9.310076305969998e-01 3.399668035051153e-01 -1.328433825400231e-01
-3.471009601005017e-01 9.372063439443665e-01 -3.413491420442895e-02
1.128969231975369e-01 7.788993121673747e-02 9.905490615550455e-01;
C2G20=-3.242302562130228e-02 8.393590854695667e-01 5.426095032795251e-01
7.403574834343212e-01 3.848779316838399e-01 -5.511259152186261e-01
-6.714309675107033e-01 3.838558366658791e-01 -6.339046872560409e-01;
C2G21=4.881042810295878e-01 2.970039411573718e-01 8.206965759509282e-01
5.401063397046919e-01 -8.414307267011367e-01 -1.671747510830648e-02
6.855941603101567e-01 4.514232948133995e-01 -5.711196514290378e-01;
C2G22=9.992432770719004e-01 -2.653857016223352e-03 3.880502892083452e-02
2.930825395769249e-03 9.999706252758117e-01 -7.082291154820023e-03
-3.878509364574070e-02 7.190662586964431e-03 9.992217025677793e-01;
C2G23=7.726528038927071e-01 -5.964916272093710e-01 2.172679988075893e-01
6.058128136014804e-01 7.950975866527108e-01 2.847213682344430e-02
-1.897326527327224e-01 1.096246613137377e-01 9.756966506649761e-01;
C2G24=5.610815886572206e-01 5.430566787789598e-01 6.247214535322563e-01
7.312956196162961e-01 -6.787870828137147e-01 -6.674438504671967e-02
3.878068689436882e-01 4.943051080444273e-01 -7.779899051795467e-01;
C2G25=-3.511227808449689e-01 -9.152045733275829e-01 1.977710336019233e-01
1.450893941235081e-01 -2.618491546103641e-01 -9.541404969619049e-01
9.250199243716696e-01 -3.063259851695816e-01 2.247276803718581e-01;
C2G26=9.853805413149109e-01 -1.667474984815989e-01 3.493509049741123e-02
1.665725560269752e-01 9.859977107690125e-01 7.880224419835350e-03
-3.575992696543692e-02 -1.945792485312863e-03 9.993585150060166e-01;
C2G27=-3.010716890555359e-01 9.342925003539195e-01 -1.909276350654042e-01
-7.760307770503883e-01 -1.236895359052060e-01 6.184473557046917e-01
5.541949757258879e-01 3.343627109741398e-01 7.622791525354780e-01;
C2G28=3.787668157482578e-01 8.949127137166539e-01 -2.359384117014856e-01
9.251295651544669e-01 -3.732436662776736e-01 6.945828432021450e-02
-2.590341608808756e-02 -2.445820933999357e-01 -9.692825246660917e-01;
C2G29=-4.834770225643426e-02 -9.061189347269304e-01 -4.202510866325703e-01
-8.470846834770070e-01 2.601374729524213e-01 -4.634393532972651e-01
5.292542288023612e-01 3.335820308338885e-01 -7.801365201037295e-01;
C2G30=-7.561468480569323e-01 3.520600996904278e-01 5.516299759617244e-01
5.248235450318428e-01 -1.772803899877807e-01 8.325454401448547e-01
3.908992079216533e-01 9.190350099597655e-01 -5.071942147223019e-02;
C2G31=-7.301899456859575e-01 2.785671893935336e-01 -6.238773631191675e-01
-6.390586347441869e-01 -6.014922854512847e-01 4.793861615665246e-01
-2.417161653221280e-01 7.487371711995988e-01 6.172243869825530e-01;
C2G32=3.110080278705323e-02 9.883608317614501e-01 -1.489147618801284e-01
-9.912155076358293e-01 4.965950102946852e-02 1.225795716249213e-01
1.285478801390588e-01 1.437942982086520e-01 9.812230339298175e-01;
C2G33=-3.782200753855102e-01 2.268816631449962e-01 -8.974821923046380e-01
-1.059016003498939e-01 9.525313880529305e-01 2.854274090154779e-01
9.196382036533227e-01 2.029991766055173e-01 -3.362393621793434e-01;
C2G34=-3.990439920880740e-01 -6.071043441639201e-02 9.149197426722118e-01
-8.914707646735706e-01 -2.078168038354998e-01 -4.026065719482443e-01
2.145781165700094e-01 -9.762819363260649e-01 2.880646963265654e-02;
C2G35=-7.298567927164821e-01 6.734984813520578e-01 1.170848313919528e-01
2.493577077037763e-01 1.028213900883682e-01 9.629374306511371e-01
6.364980720586105e-01 7.320024298844695e-01 -2.429869274444704e-01;
C2G36=4.938262743945788e-01 -6.103467381684430e-02 8.674159205995942e-01
4.029705494358319e-01 -8.678910208379697e-01 -2.904822064020630e-01
7.705519755376362e-01 4.929908158788543e-01 -4.039922133583118e-01;
C2G37=4.386059049404886e-01 7.091725540997137e-01 -5.519956056555375e-01
-7.570645469086575e-01 6.225357806975848e-01 1.982485146608611e-01
4.842294207969235e-01 3.309433339152448e-01 8.099372678002530e-01;
C2G38=-6.019999062027646e-01 5.112015274684794e-01 6.134077854459919e-01
-6.744422107997694e-01 -7.367730162149201e-01 -4.788764839797874e-02
4.274620652448379e-01 -4.425364627818397e-01 7.883131750041700e-01;
C2G39=3.676899164964352e-01 2.288362640331819e-01 9.013534764842150e-01
-3.657581960639068e-01 9.267213428177403e-01 -8.607261340380404e-02
-8.550000393677892e-01 -2.980293895397229e-01 4.244448322828997e-01;
C2G40=2.125795141625138e-01 -3.887656361221640e-01 -8.964771220332166e-01
3.456110737017162e-01 8.880577971923178e-01 -3.031605755712230e-01
9.139819122352348e-01 -2.453866928267658e-01 3.231446039938869e-01;
C2G41=-4.659633543358101e-01 8.634121591045699e-01 -1.933845803741991e-01
-8.813689790418341e-01 -4.336923000547436e-01 1.873491704171155e-01
7.789014827868392e-02 2.577410180464318e-01 9.630694120454214e-01;
C2G42=6.092830174266898e-01 3.666901363532021e-01 7.030736437790128e-01
3.509805430808138e-02 8.733124044309106e-01 -4.858946087896926e-01
-7.921756946910294e-01 3.207238503266814e-01 5.192243066078605e-01;
C2G43=6.482031610064554e-01 6.492349391670648e-01 3.979028220884805e-01
-6.700835507953063e-01 7.345454076956762e-01 -1.069162241511870e-01
-3.616914389570112e-01 -1.973247014388480e-01 9.111763085085542e-01;
C2G44=9.984605687267126e-01 -4.612468260007688e-02 3.080594671442071e-02
1.409273903265459e-02 7.481365291707402e-01 6.633951525500588e-01
-5.364594490254652e-02 -6.619397611379758e-01 7.476348475158930e-01;
C2G45=4.189307753004131e-01 -7.732712496627712e-01 -4.759711965562317e-01
9.079712539297080e-01 3.514155695910994e-01 2.282439473157540e-01
-9.230793222051448e-03 -5.277865779782007e-01 8.493268632055342e-01;
C2G46=6.475096432021434e-01 -7.522011391992002e-01 -1.221667227507500e-01
5.003843902628228e-01 5.405809604294175e-01 -6.763044338184629e-01
5.747579698808326e-01 3.767833215637792e-01 7.264210932027164e-01;
C2G47=-8.906797687059907e-01 -2.225912720531140e-01 3.964122541289804e-01
-4.518718434045164e-01 3.375153325660545e-01 -8.257694820111907e-01
5.001386563790991e-02 -9.146237072635951e-01 -4.012008067730555e-01;
C2G48=6.842592641583988e-01 -6.909833865913153e-01 2.330905808225712e-01
7.278435141257218e-01 6.668862924044314e-01 -1.597075200113991e-01
-4.508967019758317e-02 2.789348175790685e-01 9.592509000170941e-01;
C2G49=4.881736942535613e-01 2.320155366634407e-01 -8.413413308435561e-01
2.601697661361935e-01 8.814973784066245e-01 3.940483024337077e-01
8.330655058442097e-01 -4.112555927996895e-01 3.699604037779005e-01;
C2G50=9.527406459948159e-01 -3.031985465818112e-01 -1.886538682503636e-02
3.024574458858600e-01 9.409474124920734e-01 1.521100271273206e-01
-2.836820222684344e-02 -1.506273822223217e-01 9.881835036202880e-01;
